6282345566370
6285242736095
6289629981566
6285394418924
6282398394212
6285248798022
6285255695657
6285253395368
6282188111530
6285320161848
6285248468797
6281144404355
6282290459499
6282310132188
6282187735661
6282347171441
6285242422352
6282396148041
6282348480295
6281342386598
6285156733201
6285331411403
6282190851445
6282239069199
6285299841772
6282339622017
6282238994624
6282259375950
6282259908285
6282149175092
6281524017554
6285342000534
6282246075630
6285342511294
6285156979254
6285396974019
6282196648160
6282291115755
6282348534653
6285298981505
6282140731037
6289612854712
6281232590285